1000 100 32 1
5.73808
3.36202
0.414087
1000 100 32 1
5.80336
3.39194
0.415522
1000 100 32 1
5.77424
3.66218
0.365774
1000 100 32 1
5.72512
3.64922
0.362596
1000 100 32 1
5.74035
3.62746
0.368078
1 100 32 1
5.07674
3.67174
0.276751
1 100 32 1
5.03654
3.63424
0.278426
1 100 32 1
5.03069
3.61741
0.280932
1 100 32 1
5.04893
3.61782
0.283447
1 100 32 1
4.98013
3.6241
0.272289
1 100 32 1
4.99062
3.60307
0.278032
1 100 32 1
5.05462
3.62336
0.283159
1 100 32 1
5.02282
3.6167
0.279945
1 100 32 1
5.00931
3.61014
0.279313
1 100 32 1
5.05974
3.63437
0.281709
10 100 32 1
5.08291
3.62061
0.28769
10 100 32 1
5.05984
3.60605
0.28732
10 100 32 1
5.05517
3.64285
0.279381
10 100 32 1
5.02147
3.61616
0.279861
10 100 32 1
4.99978
3.63504
0.272959
10 100 32 1
5.01194
3.64077
0.273581
10 100 32 1
5.03162
3.63171
0.278222
10 100 32 1
4.98867
3.61446
0.275466
10 100 32 1
4.94758
3.63718
0.264857
10 100 32 1
4.9735
3.62694
0.270747
100 100 32 1
5.03818
3.62141
0.281207
100 100 32 1
5.04509
3.63174
0.280143
100 100 32 1
5.10106
3.62352
0.289653
100 100 32 1
5.01405
3.60925
0.280173
100 100 32 1
5.07744
4.06304
0.199786
100 100 32 1
5.12077
3.61936
0.2932
100 100 32 1
5.08435
3.6225
0.287521
100 100 32 1
5.03456
3.65357
0.274302
100 100 32 1
5.11574
3.60822
0.294682
100 100 32 1
4.9936
3.60144
0.278789
1000 100 32 1
5.78739
3.64125
0.370831
1000 100 32 1
5.75066
3.65936
0.363662
1000 100 32 1
5.76048
3.63514
0.368953
1000 100 32 1
5.78877
3.61613
0.37532
1000 100 32 1
5.6631
3.61338
0.361944
1000 100 32 1
5.77642
3.62675
0.372145
1000 100 32 1
5.67098
3.63814
0.358462
1000 100 32 1
5.67872
3.62624
0.361434
1000 100 32 1
5.78595
3.65882
0.367638
1000 100 32 1
5.77658
3.62435
0.372578
10000 100 32 1
6.38118
3.56448
0.441408
10000 100 32 1
6.31066
3.57181
0.434004
10000 100 32 1
6.18659
3.54438
0.427086
10000 100 32 1
6.22461
3.52429
0.433814
10000 100 32 1
6.2297
3.5015
0.437933
10000 100 32 1
6.26854
3.64576
0.418404
10000 100 32 1
6.28381
3.58566
0.42938
10000 100 32 1
6.17344
3.4647
0.438773
10000 100 32 1
6.25219
3.47546
0.444122
10000 100 32 1
6.27389
3.45974
0.448549
100000 100 32 1
17.3951
9.02534
0.481156
100000 100 32 1
17.4081
9.00877
0.482495
100000 100 32 1
17.3733
8.99264
0.482387
100000 100 32 1
17.3604
9.02902
0.479908
100000 100 32 1
17.3508
8.9824
0.482307
100000 100 32 1
17.4039
9.0351
0.480857
100000 100 32 1
17.3876
8.92122
0.486919
100000 100 32 1
17.3657
8.98413
0.48265
100000 100 32 1
17.3471
8.98106
0.482273
100000 100 32 1
17.3179
9.00621
0.479947
1000000 100 32 1
137.148
71.2944
0.480163
1000000 100 32 1
137.163
71.4219
0.479293
1000000 100 32 1
137.237
71.6541
0.477882
1000000 100 32 1
137.133
71.6335
0.477635
1000000 100 32 1
137.207
72.0233
0.475075
1000000 100 32 1
137.063
71.1509
0.480888
1000000 100 32 1
137.108
71.0972
0.481451
1000000 100 32 1
137.279
71.8965
0.476276
1000000 100 32 1
137.139
71.5412
0.47833
1000000 100 32 1
137.062
71.9098
0.47535
10000000 100 32 1
1342.45
686.57
0.488568
10000000 100 32 1
1342.6
686.92
0.488367
10000000 100 32 1
1342.29
687.012
0.48818
10000000 100 32 1
1342.22
687.755
0.4876
10000000 100 32 1
1341.55
686.557
0.488235
10000000 100 32 1
1341.4
686.087
0.488529
10000000 100 32 1
1341.71
686.039
0.488681
10000000 100 32 1
1341.58
686.329
0.488418
10000000 100 32 1
1341.82
686.426
0.488436
10000000 100 32 1
1342.49
686.882
0.488354
1000000 1 32 1
2.09181
2.09078
0.000489532
1000000 1 32 1
2.09306
2.08253
0.00502989
1000000 1 32 1
2.08384
2.07706
0.00325551
1000000 1 32 1
2.08714
2.08742
-0.000137993
1000000 1 32 1
2.07741
2.08243
-0.00241838
1000000 1 32 1
2.09168
2.09878
-0.00339627
1000000 1 32 1
2.06877
2.08493
-0.00781142
1000000 1 32 1
2.0792
2.08317
-0.00190843
1000000 1 32 1
2.08253
2.09958
-0.00819004
1000000 1 32 1
2.06758
2.10054
-0.0159413
1000000 2 32 1
3.43821
2.77171
0.19385
1000000 2 32 1
3.44765
2.76525
0.197932
1000000 2 32 1
3.44627
2.77414
0.19503
1000000 2 32 1
3.45078
2.77952
0.194525
1000000 2 32 1
3.45949
2.76285
0.201371
1000000 2 32 1
3.4503
2.76675
0.198114
1000000 2 32 1
3.47344
2.76995
0.202533
1000000 2 32 1
3.42413
2.77674
0.189068
1000000 2 32 1
3.44749
2.78499
0.192168
1000000 2 32 1
3.45706
2.772
0.198162
1000000 4 32 1
6.17786
4.1535
0.327679
1000000 4 32 1
6.16797
4.16637
0.324515
1000000 4 32 1
6.20189
4.17952
0.326089
1000000 4 32 1
6.20058
4.1751
0.326659
1000000 4 32 1
6.19795
4.1928
0.323518
1000000 4 32 1
6.18682
4.17981
0.324401
1000000 4 32 1
6.17581
4.18016
0.32314
1000000 4 32 1
6.18803
4.19728
0.32171
1000000 4 32 1
6.15981
4.20179
0.31787
1000000 4 32 1
6.19043
4.18192
0.324454
1000000 8 32 1
11.6581
6.95459
0.403455
1000000 8 32 1
11.6556
6.99712
0.399677
1000000 8 32 1
11.6736
6.99194
0.401045
1000000 8 32 1
11.6466
7.04285
0.395288
1000000 8 32 1
11.6451
7.01181
0.397874
1000000 8 32 1
11.6738
7.07629
0.393833
1000000 8 32 1
11.6605
6.99197
0.40037
1000000 8 32 1
11.6547
7.0641
0.393884
1000000 8 32 1
11.6994
6.91034
0.409342
1000000 8 32 1
11.6493
6.90614
0.407161
1000000 16 32 1
22.5995
12.4258
0.450176
1000000 16 32 1
22.5876
12.4184
0.450214
1000000 16 32 1
22.6095
12.4405
0.449768
1000000 16 32 1
22.6252
12.3798
0.452831
1000000 16 32 1
22.595
12.4256
0.450071
1000000 16 32 1
22.529
12.4075
0.449268
1000000 16 32 1
22.5745
12.4478
0.44859
1000000 16 32 1
22.5593
12.4326
0.448894
1000000 16 32 1
22.5964
12.4419
0.449386
1000000 16 32 1
22.5983
12.4368
0.449656
1000000 32 32 1
44.4059
23.4694
0.471479
1000000 32 32 1
44.4615
23.3499
0.474829
1000000 32 32 1
44.5122
23.4402
0.473398
1000000 32 32 1
44.4861
23.4859
0.472061
1000000 32 32 1
44.4297
24.0679
0.458292
1000000 32 32 1
44.4886
24.0257
0.45996
1000000 32 32 1
44.3967
24.0255
0.458845
1000000 32 32 1
44.4268
23.9444
0.461037
1000000 32 32 1
44.4388
23.835
0.463644
1000000 32 32 1
44.5677
23.8861
0.46405
1000000 64 32 1
88.2413
46.8223
0.469384
1000000 64 32 1
88.2002
46.5405
0.47233
1000000 64 32 1
88.1609
46.6155
0.471245
1000000 64 32 1
88.2557
46.3597
0.474711
1000000 64 32 1
88.335
46.4396
0.474279
1000000 64 32 1
88.1962
46.7955
0.469416
1000000 64 32 1
88.1931
46.5687
0.471969
1000000 64 32 1
88.2436
46.2233
0.476185
1000000 64 32 1
88.2769
46.3245
0.475236
1000000 64 32 1
88.1887
46.4117
0.473723
1000000 128 32 1
175.56
90.5927
0.483979
1000000 128 32 1
175.646
91.669
0.478105
1000000 128 32 1
175.977
92.0088
0.477156
1000000 128 32 1
175.585
91.7582
0.477414
1000000 128 32 1
175.878
91.9179
0.477377
1000000 128 32 1
175.733
90.5212
0.484892
1000000 128 32 1
175.602
91.5415
0.478699
1000000 128 32 1
175.831
91.7639
0.478113
1000000 128 32 1
175.625
91.1508
0.480991
1000000 128 32 1
175.633
90.404
0.485267
1000000 256 32 1
350.876
180.796
0.484729
1000000 256 32 1
350.586
180.391
0.485457
1000000 256 32 1
350.604
181.116
0.483415
1000000 256 32 1
350.893
181.413
0.482996
1000000 256 32 1
350.768
180.022
0.486778
1000000 256 32 1
350.697
181.312
0.482995
1000000 256 32 1
351.098
177.335
0.494914
1000000 256 32 1
350.913
177.283
0.494794
1000000 256 32 1
350.812
177.177
0.494953
1000000 256 32 1
350.524
176.847
0.495477
1000000 512 32 1
700.356
352.263
0.497023
1000000 512 32 1
700.146
352.432
0.496631
1000000 512 32 1
700.715
352.805
0.496508
1000000 512 32 1
700.527
352.669
0.496566
1000000 512 32 1
701.611
352.38
0.497755
1000000 512 32 1
700.76
352.858
0.496464
1000000 512 32 1
700.329
352.128
0.497197
1000000 512 32 1
700.709
352.258
0.497284
1000000 512 32 1
700.663
352.4
0.497048
1000000 512 32 1
700.425
352.464
0.496785
1000000 100 32 1
137.625
70.2377
0.489644
1000000 100 32 1
137.319
70.2601
0.488345
1000000 100 32 1
137.639
70.303
0.489222
1000000 100 32 1
137.602
70.3883
0.488467
1000000 100 32 1
137.376
70.3356
0.488007
1000000 100 32 1
137.293
70.3042
0.487927
1000000 100 32 1
137.515
70.2953
0.488817
1000000 100 32 1
137.41
70.2353
0.488865
1000000 100 32 1
137.384
70.3139
0.488196
1000000 100 32 1
137.569
70.1596
0.490004
1000000 100 32 0
137.447
70.227
0.489062
1000000 100 32 0
137.324
70.331
0.487844
1000000 100 32 0
137.607
70.2172
0.489727
1000000 100 32 0
137.353
70.2237
0.488734
1000000 100 32 0
137.355
70.2627
0.488459
1000000 100 32 0
137.414
70.2116
0.489051
1000000 100 32 0
137.388
70.2358
0.488777
1000000 100 32 0
137.472
70.1497
0.489716
1000000 100 32 0
137.332
71.0472
0.482661
1000000 100 32 0
137.379
71.2153
0.481613
1000000 100 1 1
72.7682
72.9433
-0.0024063
1000000 100 1 1
72.7707
71.633
0.0156344
1000000 100 1 1
72.686
73.3063
-0.00853471
1000000 100 1 1
72.6567
71.4041
0.0172397
1000000 100 1 1
72.7195
72.4662
0.00348256
1000000 100 1 1
72.6876
72.5217
0.00228218
1000000 100 1 1
72.6703
72.3777
0.00402602
1000000 100 1 1
72.8738
72.0276
0.0116125
1000000 100 1 1
72.7342
72.9443
-0.00288795
1000000 100 1 1
72.664
72.2528
0.00565895
1000000 100 2 1
74.5293
72.0523
0.0332356
1000000 100 2 1
74.5854
71.2854
0.0442445
1000000 100 2 1
74.7324
72.3052
0.0324782
1000000 100 2 1
74.5414
72.0599
0.0332902
1000000 100 2 1
74.5073
68.5218
0.0803353
1000000 100 2 1
74.6079
68.4886
0.0820194
1000000 100 2 1
74.6204
68.3271
0.0843376
1000000 100 2 1
74.4389
68.4777
0.0800828
1000000 100 2 1
74.5976
68.6416
0.0798413
1000000 100 2 1
74.6722
68.4753
0.0829888
1000000 100 4 1
78.3182
68.1206
0.130208
1000000 100 4 1
78.3397
68.0373
0.131509
1000000 100 4 1
78.1884
67.9911
0.13042
1000000 100 4 1
78.1896
68.3313
0.126082
1000000 100 4 1
78.3115
67.9943
0.131745
1000000 100 4 1
78.2277
67.933
0.131599
1000000 100 4 1
78.1659
68.301
0.126204
1000000 100 4 1
78.1509
68.1719
0.127689
1000000 100 4 1
78.2517
68.0478
0.130399
1000000 100 4 1
78.4132
67.9365
0.13361
1000000 100 8 1
86.5927
70.0031
0.191583
1000000 100 8 1
86.4002
70.4623
0.184466
1000000 100 8 1
86.7201
70.0424
0.192317
1000000 100 8 1
86.3443
69.7809
0.19183
1000000 100 8 1
86.4217
69.9814
0.190233
1000000 100 8 1
86.3804
70.3695
0.185354
1000000 100 8 1
86.4791
70.3959
0.185979
1000000 100 8 1
86.2644
69.8583
0.190184
1000000 100 8 1
86.4911
70.4523
0.185439
1000000 100 8 1
86.2566
70.0773
0.187572
1000000 100 16 1
103.414
70.471
0.318556
1000000 100 16 1
103.547
70.1431
0.322595
1000000 100 16 1
103.451
70.4143
0.319344
1000000 100 16 1
103.344
70.0037
0.322612
1000000 100 16 1
103.62
70.1796
0.322719
1000000 100 16 1
103.458
70.814
0.315526
1000000 100 16 1
103.476
70.5909
0.317804
1000000 100 16 1
103.306
70.5696
0.316889
1000000 100 16 1
103.664
69.8062
0.326614
1000000 100 16 1
103.348
70.592
0.31695
1000000 100 32 1
137.43
71.8556
0.477147
1000000 100 32 1
137.525
71.7536
0.47825
1000000 100 32 1
137.284
72.012
0.475454
1000000 100 32 1
137.631
71.7655
0.478566
1000000 100 32 1
137.362
72.1212
0.474954
1000000 100 32 1
137.473
72.1075
0.47548
1000000 100 32 1
137.532
71.7993
0.477944
1000000 100 32 1
137.365
71.6171
0.478637
1000000 100 32 1
137.584
71.2699
0.481992
1000000 100 32 1
137.585
71.9371
0.477144
1000000 100 64 1
205.107
136.92
0.332447
1000000 100 64 1
205.11
136.954
0.332291
1000000 100 64 1
207.354
136.96
0.339486
1000000 100 64 1
205.11
136.977
0.332179
1000000 100 64 1
204.906
136.95
0.331645
1000000 100 64 1
205.153
137.018
0.332121
1000000 100 64 1
205.047
137.013
0.331798
1000000 100 64 1
205.036
136.938
0.332126
1000000 100 64 1
205.041
136.936
0.332152
1000000 100 64 1
205.087
136.989
0.332043
1000000 100 128 1
340.327
272.285
0.199932
1000000 100 128 1
340.253
272.277
0.199782
1000000 100 128 1
340.218
272.286
0.199672
1000000 100 128 1
340.212
272.277
0.199684
1000000 100 128 1
340.281
272.269
0.199868
1000000 100 128 1
340.245
272.281
0.199749
1000000 100 128 1
340.243
272.259
0.19981
1000000 100 128 1
342.264
272.272
0.204497
1000000 100 128 1
340.372
272.28
0.20005
1000000 100 128 1
340.238
272.252
0.19982
1000000 100 10 1
90.5816
68.7931
0.24054
1000000 100 10 1
90.6375
68.8054
0.240872
1000000 100 10 1
90.7931
68.9521
0.240558
1000000 100 10 1
90.765
68.6749
0.243377
1000000 100 10 1
90.6532
68.882
0.240159
1000000 100 10 1
90.6201
68.9357
0.239289
1000000 100 10 1
90.7506
68.8045
0.241829
1000000 100 10 1
90.613
68.8274
0.240425
1000000 100 10 1
90.6127
68.9068
0.239545
1000000 100 10 1
90.6378
68.8482
0.240404
1000000 100 20 1
112.24
68.7106
0.387827
1000000 100 20 1
112.051
69.1677
0.382712
1000000 100 20 1
111.98
68.9131
0.384593
1000000 100 20 1
112.116
68.796
0.386383
1000000 100 20 1
112.044
70.6828
0.369151
1000000 100 20 1
111.988
71.6088
0.360568
1000000 100 20 1
111.886
70.7332
0.367811
1000000 100 20 1
112.082
70.9183
0.367265
1000000 100 20 1
111.894
70.8996
0.366367
1000000 100 20 1
112.046
70.8736
0.367458
1000000 100 30 1
133.003
70.8996
0.466933
1000000 100 30 1
133.085
70.8107
0.46793
1000000 100 30 1
132.938
71.334
0.463403
1000000 100 30 1
132.941
70.292
0.471254
1000000 100 30 1
132.993
71.7086
0.460811
1000000 100 30 1
132.883
71.2277
0.463982
1000000 100 30 1
133.074
71.7587
0.460761
1000000 100 30 1
132.899
70.6412
0.468458
1000000 100 30 1
132.95
71.0497
0.46559
1000000 100 30 1
133.001
70.9098
0.466849
1000000 100 40 1
154.281
86.1804
0.441407
1000000 100 40 1
154.183
86.1839
0.441028
1000000 100 40 1
154.402
86.1802
0.441844
1000000 100 40 1
154.258
86.1773
0.441343
1000000 100 40 1
154.411
86.1851
0.441847
1000000 100 40 1
154.404
86.1766
0.441876
1000000 100 40 1
154.438
86.1847
0.441947
1000000 100 40 1
154.388
86.1896
0.441736
1000000 100 40 1
154.3
86.1794
0.441483
1000000 100 40 1
154.619
86.175
0.442661
1000000 100 50 1
175.359
107.322
0.387984
1000000 100 50 1
175.395
107.324
0.388104
1000000 100 50 1
175.359
107.319
0.388001
1000000 100 50 1
175.199
107.31
0.387499
1000000 100 50 1
175.304
107.318
0.387813
1000000 100 50 1
175.213
107.307
0.387563
1000000 100 50 1
175.228
107.309
0.387606
1000000 100 50 1
175.295
107.323
0.387756
1000000 100 50 1
175.26
107.319
0.38766
1000000 100 50 1
175.353
107.316
0.388002
1000000 100 60 1
196.523
128.456
0.346354
1000000 100 60 1
196.745
128.465
0.347049
1000000 100 60 1
196.627
128.467
0.346646
1000000 100 60 1
196.664
128.454
0.346833
1000000 100 60 1
196.804
128.453
0.347302
1000000 100 60 1
196.713
128.473
0.3469
1000000 100 60 1
196.82
128.466
0.347291
1000000 100 60 1
196.751
128.462
0.347085
1000000 100 60 1
196.746
128.457
0.347092
1000000 100 60 1
196.702
128.455
0.346959
1000000 100 70 1
217.855
149.604
0.313284
1000000 100 70 1
217.652
149.61
0.312619
1000000 100 70 1
217.886
149.606
0.313373
1000000 100 70 1
217.704
149.618
0.312743
1000000 100 70 1
217.857
149.603
0.313295
1000000 100 70 1
217.689
149.621
0.312683
1000000 100 70 1
217.839
149.603
0.313238
1000000 100 70 1
217.683
149.608
0.312726
1000000 100 70 1
217.762
149.6
0.313013
1000000 100 70 1
217.728
149.616
0.312829
1000000 100 80 1
238.927
170.76
0.285306
1000000 100 80 1
238.938
170.76
0.285338
1000000 100 80 1
238.981
170.765
0.285447
1000000 100 80 1
238.971
170.747
0.285491
1000000 100 80 1
238.821
170.76
0.284989
1000000 100 80 1
239.095
170.751
0.285844
1000000 100 80 1
239.136
170.755
0.285949
1000000 100 80 1
239.113
170.749
0.285909
1000000 100 80 1
238.893
170.746
0.285262
1000000 100 80 1
239.139
170.748
0.285989
1000000 100 90 1
260.013
191.891
0.261993
1000000 100 90 1
260.016
191.897
0.261982
1000000 100 90 1
260.051
191.888
0.262113
1000000 100 90 1
260.094
191.885
0.262248
1000000 100 90 1
260.1
192.008
0.261794
1000000 100 90 1
259.929
191.896
0.261736
1000000 100 90 1
260.033
191.915
0.261961
1000000 100 90 1
260.157
191.901
0.262364
1000000 100 90 1
260.007
191.893
0.26197
1000000 100 90 1
260.081
191.892
0.262183
1000000 100 100 1
281.192
213.057
0.242307
1000000 100 100 1
281.351
213.045
0.242781
1000000 100 100 1
281.483
213.039
0.243154
1000000 100 100 1
281.308
213.045
0.242662
1000000 100 100 1
281.173
213.052
0.242276
1000000 100 100 1
281.536
213.046
0.243273
1000000 100 100 1
281.256
213.05
0.242504
1000000 100 100 1
281.192
213.045
0.242351
1000000 100 100 1
281.249
213.038
0.242528
1000000 100 100 1
281.39
213.045
0.242882
