1000 100 32 1
6.707263946533203
6.068480014801025
0.09523763144319783
1000 100 32 1
5.891263961791992
6.117440223693848
-0.038391805793922984
1000 100 32 1
5.871583938598633
6.071839809417725
-0.0341059368158989
1000 100 32 1
5.907360076904297
6.015903949737549
-0.01837434512543435
1000 100 32 1
5.861536026000977
6.065695762634277
-0.0348304157353424
1 100 32 1
5.93017578125
6.080319881439209
-0.025318659299094277
1 100 32 1
5.929503917694092
6.079552173614502
-0.025305364159159204
1 100 32 1
5.927296161651611
6.148064136505127
-0.03724598346913034
1 100 32 1
5.927584171295166
6.068831920623779
-0.02382888968706975
1 100 32 1
5.931456089019775
6.082752227783203
-0.025507419509267704
1 100 32 1
5.92083215713501
6.09830379486084
-0.029974103811060502
1 100 32 1
5.9449920654296875
6.087679862976074
-0.02400134364789495
1 100 32 1
5.925951957702637
6.071648120880127
-0.02458611953276339
1 100 32 1
5.931392192840576
6.030367851257324
-0.016686749956648553
1 100 32 1
6.005536079406738
6.130112171173096
-0.020743542311490663
10 100 32 1
5.955488204956055
6.101984024047852
-0.02459845675957944
10 100 32 1
5.920032024383545
6.079520225524902
-0.026940428782218452
10 100 32 1
5.94268798828125
6.121503829956055
-0.03009006059672367
10 100 32 1
5.9271039962768555
6.090367794036865
-0.02754528988567855
10 100 32 1
5.957183837890625
6.068096160888672
-0.01861824748341487
10 100 32 1
5.980256080627441
6.039743900299072
-0.009947369957005164
10 100 32 1
6.0265278816223145
6.615263938903809
-0.09769075475064574
10 100 32 1
5.966080188751221
6.157663822174072
-0.03211214522125834
10 100 32 1
5.918496131896973
6.058527946472168
-0.023660033132489836
10 100 32 1
5.953023910522461
6.1711039543151855
-0.03663349031863456
100 100 32 1
6.114751815795898
6.253695964813232
-0.022722778160580007
100 100 32 1
5.965824127197266
6.399712085723877
-0.07272892215319984
100 100 32 1
6.13756799697876
6.220608234405518
-0.013529827688692764
100 100 32 1
6.024320125579834
6.220160007476807
-0.03250821301235603
100 100 32 1
6.0503997802734375
6.22649621963501
-0.029104926245652793
100 100 32 1
6.167007923126221
6.271423816680908
-0.016931370099773815
100 100 32 1
6.077280044555664
6.266079902648926
-0.03106650618518036
100 100 32 1
6.030303955078125
6.2126078605651855
-0.030231296273804283
100 100 32 1
6.067584037780762
6.242335796356201
-0.02880087980443621
100 100 32 1
6.086976051330566
6.2132158279418945
-0.020739325331127774
1000 100 32 1
6.017119884490967
6.157343864440918
-0.02330416921081734
1000 100 32 1
6.0576958656311035
6.672607898712158
-0.10150922838002067
1000 100 32 1
6.0108160972595215
6.185344219207764
-0.029035678204797157
1000 100 32 1
6.058432102203369
6.199456214904785
-0.02327732824638366
1000 100 32 1
6.042816162109375
6.191232204437256
-0.024560740943684947
1000 100 32 1
6.032415866851807
6.253920078277588
-0.036718988928291466
1000 100 32 1
6.051263809204102
6.075712203979492
-0.0040402130110744955
1000 100 32 1
6.032288074493408
6.312352180480957
-0.04642750852230621
1000 100 32 1
6.0344319343566895
6.357439994812012
-0.05352750084333449
1000 100 32 1
6.056896209716797
6.280735969543457
-0.03695618218908299
10000 100 32 1
6.19052791595459
6.449408054351807
-0.041818749856537406
10000 100 32 1
6.158400058746338
6.340256214141846
-0.0295297729378965
10000 100 32 1
6.157023906707764
6.260928153991699
-0.016875725814664642
10000 100 32 1
6.176415920257568
6.2684478759765625
-0.014900543763114359
10000 100 32 1
6.21999979019165
6.232255935668945
-0.0019704414615289378
10000 100 32 1
6.177599906921387
6.394464015960693
-0.035104913284580305
10000 100 32 1
6.281631946563721
6.320896148681641
-0.0062506371675275976
10000 100 32 1
6.175903797149658
6.24783992767334
-0.0116478709653609
10000 100 32 1
6.070303916931152
6.327871799468994
-0.042430805123189856
10000 100 32 1
6.164639949798584
6.238719940185547
-0.012016920856729563
100000 100 32 1
17.461856842041016
8.941439628601074
0.4879445118875479
100000 100 32 1
17.424095153808594
8.947551727294922
0.4864839953919129
100000 100 32 1
17.565311431884766
8.995807647705078
0.48786517776304383
100000 100 32 1
17.584991455078125
8.93286418914795
0.4920177122651742
100000 100 32 1
17.51158332824707
8.98960018157959
0.4866483508045266
100000 100 32 1
17.471935272216797
8.982048034667969
0.48591567592681745
100000 100 32 1
17.52707290649414
8.927647590637207
0.49063670595394565
100000 100 32 1
17.526016235351562
8.92745590209961
0.49061693300887615
100000 100 32 1
17.496192932128906
8.956416130065918
0.48809342896425656
100000 100 32 1
17.45884895324707
8.932000160217285
0.4883969622432598
1000000 100 32 1
137.20777893066406
69.40367889404297
0.49417096147941364
1000000 100 32 1
137.15997314453125
69.65974426269531
0.49212774933039755
1000000 100 32 1
136.99229431152344
69.78121948242188
0.49061938240308706
1000000 100 32 1
137.06565856933594
71.45315551757812
0.478693961248996
1000000 100 32 1
137.16000366210938
72.03075408935547
0.47484141027874543
1000000 100 32 1
137.05084228515625
71.35906982421875
0.47932410604420245
1000000 100 32 1
137.0413055419922
71.74166107177734
0.4764960769452516
1000000 100 32 1
137.0003204345703
71.68540954589844
0.47675005928081376
1000000 100 32 1
137.2382049560547
71.39718627929688
0.47975721263507415
1000000 100 32 1
136.93507385253906
71.89737701416016
0.47495280068578993
10000000 100 32 1
1340.2333984375
687.479248046875
0.48704513046133086
10000000 100 32 1
1339.9691162109375
687.663818359375
0.48680621811352015
10000000 100 32 1
1340.121826171875
687.6378173828125
0.4868840996739197
10000000 100 32 1
1340.6820068359375
689.3635864257812
0.48581126403515584
10000000 100 32 1
1340.2720947265625
687.2643432617188
0.48722028462292805
10000000 100 32 1
1340.19287109375
687.6642456054688
0.4868915807287824
10000000 100 32 1
1340.28564453125
684.2468872070312
0.4894768216022048
10000000 100 32 1
1341.9312744140625
684.5515747070312
0.48987583212416586
10000000 100 32 1
1340.448486328125
683.9290771484375
0.4897759338578415
10000000 100 32 1
1340.261962890625
684.5851440429688
0.48921541982249345
1000000 1 32 1
2.0858240127563477
2.0762879848480225
0.004571827656602558
1000000 1 32 1
2.073568105697632
2.0846080780029297
-0.005324142609525507
1000000 1 32 1
2.0797441005706787
2.085184097290039
-0.0026157048445852663
1000000 1 32 1
2.0812160968780518
2.075648069381714
0.0026753721080142825
1000000 1 32 1
2.0738561153411865
2.0843520164489746
-0.005061055600793849
1000000 1 32 1
2.0789759159088135
2.0774080753326416
0.0007541408075843446
1000000 1 32 1
2.079360008239746
2.076319932937622
0.0014620245123871348
1000000 1 32 1
2.079263925552368
2.084383964538574
-0.002462428613936486
1000000 1 32 1
2.0789759159088135
2.0852160453796387
-0.0030015400481911573
1000000 1 32 1
2.0797441005706787
2.0770559310913086
0.0012925481931322644
1000000 2 32 1
3.4380478858947754
2.757920026779175
0.19782384704586298
1000000 2 32 1
3.446784019470215
2.758143901824951
0.19979207103063873
1000000 2 32 1
3.4338879585266113
2.763871908187866
0.1951187861779366
1000000 2 32 1
3.423520088195801
2.7714240550994873
0.1904753050361007
1000000 2 32 1
3.433824062347412
2.7815680503845215
0.18995032946358903
1000000 2 32 1
3.4444799423217773
2.7608959674835205
0.19845781838911855
1000000 2 32 1
3.4405438899993896
2.781503915786743
0.1915511021755236
1000000 2 32 1
3.447968006134033
2.7702078819274902
0.19656798525995264
1000000 2 32 1
3.4256319999694824
2.780832052230835
0.18822802558605004
1000000 2 32 1
3.4291200637817383
2.7656960487365723
0.1934677126217394
1000000 4 32 1
6.14521598815918
4.105599880218506
0.33190307905705485
1000000 4 32 1
6.1743998527526855
4.180160045623779
0.3229852057993668
1000000 4 32 1
6.187295913696289
4.178304195404053
0.32469623989457214
1000000 4 32 1
6.15388822555542
4.120416164398193
0.3304369508553587
1000000 4 32 1
6.164224147796631
4.121471881866455
0.3313883818874995
1000000 4 32 1
6.1821441650390625
4.132927894592285
0.33147338783126373
1000000 4 32 1
6.156223773956299
4.116543769836426
0.33131999079511565
1000000 4 32 1
6.1820478439331055
4.156544208526611
0.3276428275129363
1000000 4 32 1
6.179647922515869
4.1179518699646
0.333626782367224
1000000 4 32 1
6.191775798797607
4.144256114959717
0.33068375703065706
1000000 8 32 1
11.597855567932129
6.827392101287842
0.4113228897102785
1000000 8 32 1
11.603808403015137
6.840640068054199
0.4104831939247872
1000000 8 32 1
11.59164810180664
6.857408046722412
0.4084182001993628
1000000 8 32 1
11.641119956970215
6.844351768493652
0.41205384071353535
1000000 8 32 1
11.616191864013672
6.836639881134033
0.4114560123345095
1000000 8 32 1
11.601216316223145
6.818880081176758
0.41222714107647196
1000000 8 32 1
11.613344192504883
6.888256072998047
0.40686713845580785
1000000 8 32 1
11.62384033203125
6.993919849395752
0.3983124639003387
1000000 8 32 1
11.612128257751465
7.003168106079102
0.39690916680977373
1000000 8 32 1
11.640576362609863
7.0114240646362305
0.39767380529736573
1000000 16 32 1
22.53014373779297
12.375871658325195
0.4506971725366576
1000000 16 32 1
22.524288177490234
12.691935539245605
0.4365222359422058
1000000 16 32 1
22.527360916137695
12.52950382232666
0.4438095137299892
1000000 16 32 1
22.578655242919922
12.404383659362793
0.4506145948061949
1000000 16 32 1
22.512447357177734
12.616800308227539
0.43956336207911784
1000000 16 32 1
22.505952835083008
12.750847816467285
0.43344554616719666
1000000 16 32 1
22.530048370361328
12.600640296936035
0.4407184534271841
1000000 16 32 1
22.495744705200195
12.615743637084961
0.43919422084441323
1000000 16 32 1
22.512575149536133
12.685503959655762
0.43651475340362633
1000000 16 32 1
22.55718421936035
12.616640090942383
0.44068195887171996
1000000 32 32 1
44.39763259887695
23.23423957824707
0.47667841237924957
1000000 32 32 1
44.38585662841797
23.211103439331055
0.4770608206653336
1000000 32 32 1
44.43494415283203
23.248287200927734
0.4768017009098453
1000000 32 32 1
44.40873718261719
23.26803207397461
0.4760483285464293
1000000 32 32 1
44.30796813964844
23.201343536376953
0.47636182586275
1000000 32 32 1
44.40012741088867
23.243871688842773
0.476490878646838
1000000 32 32 1
44.30403137207031
23.285728454589844
0.4744106183242415
1000000 32 32 1
44.30412673950195
23.288415908813477
0.47435109045836765
1000000 32 32 1
44.38444900512695
23.17081642150879
0.47795191917709123
1000000 32 32 1
44.33699035644531
23.1691837310791
0.47742993954232227
1000000 64 32 1
87.93965148925781
44.90911865234375
0.48931889208328755
1000000 64 32 1
88.11119842529297
45.020416259765625
0.4890500065330835
1000000 64 32 1
88.10896301269531
45.15631866455078
0.48749460757988533
1000000 64 32 1
87.86742401123047
45.08531188964844
0.4868938927367893
1000000 64 32 1
87.8768310546875
46.4090576171875
0.4718851708670944
1000000 64 32 1
88.12191772460938
45.94473648071289
0.47862305239094755
1000000 64 32 1
87.98310089111328
45.59347152709961
0.48179285493102264
1000000 64 32 1
88.07814025878906
46.668609619140625
0.4701453790688581
1000000 64 32 1
88.16889953613281
46.5865592956543
0.47162140459105434
1000000 64 32 1
88.01763153076172
46.5945930480957
0.47062205335744434
1000000 128 32 1
175.32643127441406
91.7534408569336
0.47667080091692104
1000000 128 32 1
175.20127868652344
91.38674926757812
0.47838994125670364
1000000 128 32 1
175.36614990234375
91.77740478515625
0.4766526787737292
1000000 128 32 1
175.1744384765625
91.93705749511719
0.47516853317946883
1000000 128 32 1
175.18386840820312
91.9109115600586
0.4753460327414782
1000000 128 32 1
175.46022033691406
91.65570831298828
0.4776268481995895
1000000 128 32 1
175.20323181152344
91.21084594726562
0.4793997519099044
1000000 128 32 1
175.2110137939453
88.41606140136719
0.495373838168942
1000000 128 32 1
175.4397735595703
88.71199798583984
0.4943450040664934
1000000 128 32 1
175.1071014404297
89.04377746582031
0.4914896270148562
1000000 256 32 1
349.443603515625
176.44732666015625
0.4950620790165169
1000000 256 32 1
349.7997131347656
176.30947875976562
0.4959702019771533
1000000 256 32 1
349.9953308105469
176.65052795410156
0.49527747257370464
1000000 256 32 1
349.6606140136719
176.48931884765625
0.49525536541912196
1000000 256 32 1
349.7026672363281
176.5028533935547
0.49527736008294576
1000000 256 32 1
349.8459777832031
176.82730102539062
0.49455671279728375
1000000 256 32 1
349.63421630859375
176.6077117919922
0.4948786372895641
1000000 256 32 1
349.92218017578125
176.50428771972656
0.49558988335331955
1000000 256 32 1
349.8016662597656
176.97056579589844
0.49408312519449626
1000000 256 32 1
349.7543029785156
176.41571044921875
0.4956010292172004
1000000 512 32 1
699.0673828125
351.9853210449219
0.4964929995320216
1000000 512 32 1
698.7076416015625
363.2549743652344
0.48010447755718083
1000000 512 32 1
698.693603515625
363.7029724121094
0.4794528380078753
1000000 512 32 1
698.9235229492188
363.3043212890625
0.480194457104488
1000000 512 32 1
698.748779296875
363.47637939453125
0.47981822628687226
1000000 512 32 1
698.9674072265625
363.5616149902344
0.4798589873699362
1000000 512 32 1
698.7841186523438
363.5103759765625
0.4797958821994712
1000000 512 32 1
699.0321044921875
364.2705993652344
0.4788928905778096
1000000 512 32 1
698.7727661132812
363.02069091796875
0.4804882094401518
1000000 512 32 1
698.9730834960938
363.4644775390625
0.48000218302956477
1000000 100 32 0
137.08236694335938
71.40982055664062
0.47907362450090885
1000000 100 32 0
137.17616271972656
71.06006622314453
0.48197948671058893
1000000 100 32 0
137.04150390625
71.49472045898438
0.47829877503465035
1000000 100 32 0
137.1025848388672
71.66387176513672
0.4772974422811849
1000000 100 32 0
137.0346221923828
69.53846740722656
0.49254818749672213
1000000 100 32 0
137.1439666748047
69.67903900146484
0.49192778442315627
1000000 100 32 0
136.9601593017578
69.7191390991211
0.49095313955124553
1000000 100 32 0
137.14320373535156
69.62210845947266
0.49234007545992536
1000000 100 32 0
137.10400390625
69.3936996459961
0.49386088174750437
1000000 100 32 0
137.25120544433594
69.5429458618164
0.4933163199792771
1000000 100 32 1
137.02793884277344
69.96752166748047
0.4893922928537839
1000000 100 32 1
137.0565185546875
69.62681579589844
0.4919846459683977
1000000 100 32 1
136.99888610839844
69.5772476196289
0.49213274942559104
1000000 100 32 1
137.2869415283203
69.55760192871094
0.4933414558269389
1000000 100 32 1
137.05734252929688
69.89273834228516
0.4900474717190351
1000000 100 32 1
137.16140747070312
69.64713287353516
0.49222500586827694
1000000 100 32 1
137.07034301757812
69.58723449707031
0.492324649044277
1000000 100 32 1
137.18138122558594
69.50281524658203
0.4933509589592983
1000000 100 32 1
137.14598083496094
71.85600280761719
0.4760619132245119
1000000 100 32 1
137.20323181152344
71.86115264892578
0.47624300317035023
1000000 100 1 1
72.00287628173828
74.79561614990234
-0.038786504267363145
1000000 100 1 1
72.17974090576172
75.06012725830078
-0.03990574524643572
1000000 100 1 1
72.18479919433594
74.94281768798828
-0.03820774629056189
1000000 100 1 1
71.97366333007812
75.11577606201172
-0.043656423565986396
1000000 100 1 1
72.0560302734375
74.98844909667969
-0.040696369368591
1000000 100 1 1
72.03062438964844
74.44947052001953
-0.03358080192789093
1000000 100 1 1
72.06118774414062
75.44847869873047
-0.04700576080728378
1000000 100 1 1
72.2209243774414
74.5847396850586
-0.03273033858253326
1000000 100 1 1
72.0962905883789
74.84966278076172
-0.038190206041288685
1000000 100 1 1
72.03014373779297
74.79618835449219
-0.0384012091766509
1000000 100 2 1
74.576416015625
73.61260986328125
0.012923739217258933
1000000 100 2 1
74.51897430419922
68.45458984375
0.08138040703154827
1000000 100 2 1
74.63369750976562
68.56598663330078
0.08129988301424969
1000000 100 2 1
74.72723388671875
68.61695861816406
0.0817677164100231
1000000 100 2 1
74.5005111694336
68.6217269897461
0.07890931333769793
1000000 100 2 1
74.48143768310547
68.39984130859375
0.08165251052734714
1000000 100 2 1
74.58112335205078
68.71385955810547
0.0786695551131569
1000000 100 2 1
74.47650909423828
68.63862609863281
0.07838556165701252
1000000 100 2 1
74.6390380859375
68.62860870361328
0.08052661899800963
1000000 100 2 1
74.7734375
68.60700988769531
0.08246815738950998
1000000 100 4 1
78.2475814819336
67.78758239746094
0.13367824137654327
1000000 100 4 1
78.24591827392578
67.87955474853516
0.1324843998775723
1000000 100 4 1
78.19213104248047
67.77670288085938
0.1332030221297149
1000000 100 4 1
78.37852478027344
68.00198364257812
0.13239010515680075
1000000 100 4 1
78.42495727539062
67.89974212646484
0.13420747061380348
1000000 100 4 1
78.40038299560547
71.08509063720703
0.09330684467202766
1000000 100 4 1
78.1612777709961
71.02406311035156
0.09131394552627174
1000000 100 4 1
78.28886413574219
71.19840240478516
0.0905679474243379
1000000 100 4 1
78.16438293457031
71.1046371459961
0.09031921603582256
1000000 100 4 1
78.27193450927734
71.12806701660156
0.09126984707180119
1000000 100 8 1
86.53327941894531
70.76179504394531
0.18225917798218846
1000000 100 8 1
86.27327728271484
70.840576171875
0.17888159111270763
1000000 100 8 1
86.32230377197266
71.02409362792969
0.1772219863878335
1000000 100 8 1
86.28594970703125
70.73299407958984
0.18024899395844549
1000000 100 8 1
86.43186950683594
70.96002960205078
0.17900619289001357
1000000 100 8 1
86.5271987915039
70.77235412597656
0.18207967998005165
1000000 100 8 1
86.34457397460938
70.89395141601562
0.1789414417996571
1000000 100 8 1
86.27324676513672
70.80601501464844
0.17928190175333283
1000000 100 8 1
86.35913848876953
68.85910034179688
0.20264257440743724
1000000 100 8 1
86.2759017944336
68.90316772460938
0.20136253239308458
1000000 100 16 1
103.44371032714844
69.6407699584961
0.32677617867483705
1000000 100 16 1
103.38969421386719
69.3387222290039
0.32934590090214405
1000000 100 16 1
103.30592346191406
69.17036437988281
0.3304317694291369
1000000 100 16 1
103.28339385986328
69.17571258544922
0.3302339320945627
1000000 100 16 1
103.40070343017578
69.07721710205078
0.3319463522924957
1000000 100 16 1
103.51702117919922
69.59225463867188
0.32772162639610625
1000000 100 16 1
103.45913696289062
69.47321319580078
0.3284961073982294
1000000 100 16 1
103.37468719482422
69.6098861694336
0.3266254238985612
1000000 100 16 1
103.32355499267578
69.4500503540039
0.3278391325295867
1000000 100 16 1
103.95513916015625
69.41641235351562
0.33224645828648525
1000000 100 32 1
137.1241912841797
69.5956802368164
0.49246241975943883
1000000 100 32 1
137.01254272460938
69.79212951660156
0.4906150332755928
1000000 100 32 1
137.0536651611328
71.36495971679688
0.4792918552532418
1000000 100 32 1
137.10079956054688
71.65673828125
0.4773426667755885
1000000 100 32 1
137.1204833984375
71.20809936523438
0.4806895541760773
1000000 100 32 1
137.0116729736328
71.64482879638672
0.47708959943745527
1000000 100 32 1
137.03543090820312
71.8939208984375
0.47536253637500814
1000000 100 32 1
137.0327606201172
71.98099517822266
0.4747168862943024
1000000 100 32 1
137.123291015625
71.26892852783203
0.48025657785801656
1000000 100 32 1
136.9822998046875
71.66492462158203
0.47683076774325206
1000000 100 64 1
205.20669555664062
136.91647338867188
0.33278749498268423
1000000 100 64 1
205.20480346679688
136.972412109375
0.33250874348300624
1000000 100 64 1
205.1083526611328
136.9000701904297
0.33254756125603807
1000000 100 64 1
205.20230102539062
136.98439025878906
0.3324422310359992
1000000 100 64 1
205.0233917236328
136.9205780029297
0.33217094473056163
1000000 100 64 1
205.09344482421875
136.89013671875
0.332547479340085
1000000 100 64 1
205.26034545898438
136.90492248535156
0.33301816198731754
1000000 100 64 1
205.14096069335938
136.9009246826172
0.3326494902826649
1000000 100 64 1
205.17330932617188
136.88409423828125
0.3328367384245318
1000000 100 64 1
205.140380859375
136.8935089111328
0.3326837537414237
1000000 100 128 1
340.20556640625
272.29193115234375
0.1996252911770658
1000000 100 128 1
343.0738830566406
272.3191223144531
0.2062376771784347
1000000 100 128 1
340.2401428222656
272.2999267578125
0.19968312821906992
1000000 100 128 1
340.3800354003906
272.32122802734375
0.19994946910734346
1000000 100 128 1
340.3871765136719
272.2961730957031
0.20003986082958042
1000000 100 128 1
340.3333435058594
272.3436279296875
0.19977388896366344
1000000 100 128 1
340.36126708984375
272.3266906738281
0.19988930290959583
1000000 100 128 1
340.3775939941406
272.2747497558594
0.20008027978320334
1000000 100 128 1
340.22515869140625
272.30712890625
0.1996267120467708
1000000 100 128 1
340.2622985839844
272.35223388671875
0.19958151396694893
1000000 100 10 1
91.53727722167969
73.18537902832031
0.20048551530450057
1000000 100 10 1
90.7364501953125
73.42422485351562
0.1907968110338444
1000000 100 10 1
90.6720962524414
73.34598541259766
0.19108536756011343
1000000 100 10 1
90.84451293945312
73.0869140625
0.19547244299486058
1000000 100 10 1
90.84480285644531
73.39059448242188
0.19213216194221822
1000000 100 10 1
90.73702239990234
73.05785369873047
0.1948396391415077
1000000 100 10 1
90.70291137695312
73.33087921142578
0.191526731631918
1000000 100 10 1
90.74610900878906
74.01676940917969
0.18435324425853986
1000000 100 10 1
90.86217498779297
73.78112030029297
0.18798861781368081
1000000 100 10 1
90.80863952636719
73.7132797241211
0.18825697523287183
1000000 100 20 1
111.74201965332031
72.89469146728516
0.34765192455406674
1000000 100 20 1
111.90691375732422
72.64720153808594
0.3508247247741542
1000000 100 20 1
111.76457977294922
68.15625762939453
0.39018016470106537
1000000 100 20 1
111.88829040527344
68.22061157226562
0.3902792568805725
1000000 100 20 1
111.83785247802734
68.37516784667969
0.38862231049980794
1000000 100 20 1
111.80457305908203
68.3436508178711
0.388722223537712
1000000 100 20 1
111.87987518310547
68.21756744384766
0.390260604669061
1000000 100 20 1
111.77267456054688
68.28982543945312
0.3890293337978527
1000000 100 20 1
111.9161605834961
68.48070526123047
0.3881070892336429
1000000 100 20 1
111.67903900146484
68.4591064453125
0.3870012935514734
1000000 100 30 1
132.88771057128906
68.84729766845703
0.48191373474281396
1000000 100 30 1
132.82662963867188
68.70301055908203
0.4827617718978886
1000000 100 30 1
132.92726135253906
68.93936157226562
0.48137529600169704
1000000 100 30 1
132.83651733398438
68.84761810302734
0.48171165967918944
1000000 100 30 1
132.82508850097656
68.94083404541016
0.48096526926158767
1000000 100 30 1
132.78460693359375
68.87149047851562
0.4813292589482258
1000000 100 30 1
132.9766082763672
72.0615005493164
0.4580888963602534
1000000 100 30 1
132.95106506347656
72.06800079345703
0.45793588972718147
1000000 100 30 1
132.8717803955078
72.3154525756836
0.45575010464653587
1000000 100 30 1
132.82188415527344
71.97122955322266
0.45813726396859594
1000000 100 40 1
154.39254760742188
86.10185241699219
0.44231859794213835
1000000 100 40 1
154.18716430664062
86.11113739013672
0.44151552577435893
1000000 100 40 1
154.3057861328125
86.12278747558594
0.4418693580196713
1000000 100 40 1
154.35177612304688
86.11305236816406
0.4420987271340755
1000000 100 40 1
154.39340209960938
86.15254211425781
0.44199336925890703
1000000 100 40 1
154.3143310546875
86.11561584472656
0.4419467378295019
1000000 100 40 1
154.30950927734375
86.11087799072266
0.4419600036705855
1000000 100 40 1
154.47567749023438
86.11273956298828
0.44254823178599006
1000000 100 40 1
154.28994750976562
86.10476684570312
0.4419288603345126
1000000 100 40 1
154.2262420654297
86.10880279541016
0.4416721717249718
1000000 100 50 1
175.4113006591797
107.25443267822266
0.3885546012419367
1000000 100 50 1
175.1600341796875
107.26588439941406
0.38761210625606746
1000000 100 50 1
175.38662719726562
107.25689697265625
0.38845453221459497
1000000 100 50 1
175.43661499023438
107.26131439208984
0.3886036025144437
1000000 100 50 1
175.23330688476562
107.30048370361328
0.3876707253252108
1000000 100 50 1
175.28627014160156
107.26569366455078
0.38805421794931055
1000000 100 50 1
175.21011352539062
107.26326751708984
0.3878020774094998
1000000 100 50 1
175.1716766357422
107.26531219482422
0.38765607400176183
1000000 100 50 1
175.2418212890625
107.25878143310547
0.3879384461761475
1000000 100 50 1
175.3668212890625
107.25936126708984
0.3883714121139771
1000000 100 60 1
196.47109985351562
128.42764282226562
0.3463280710597215
1000000 100 60 1
196.51058959960938
128.42713928222656
0.3464619919776484
1000000 100 60 1
196.6189727783203
128.42095947265625
0.346853675115852
1000000 100 60 1
196.491455078125
128.42950439453125
0.34638631311744483
1000000 100 60 1
196.71017456054688
128.43133544921875
0.3471037492791817
1000000 100 60 1
196.56019592285156
128.4391632080078
0.3465657550605045
1000000 100 60 1
196.5521240234375
128.43026733398438
0.34658417978393385
1000000 100 60 1
196.4979248046875
128.43516540527344
0.3463790239365948
1000000 100 60 1
196.54591369628906
128.4397735595703
0.34651516714796315
1000000 100 60 1
196.6743927001953
128.42169189453125
0.34703399801369406
1000000 100 70 1
217.59388732910156
149.58714294433594
0.3125397740696102
1000000 100 70 1
217.62083435058594
149.57958984375
0.3126596068335161
1000000 100 70 1
217.58387756347656
149.58399963378906
0.3125225944640574
1000000 100 70 1
217.55938720703125
149.5645751953125
0.3125344894771851
1000000 100 70 1
217.55325317382812
149.58140563964844
0.3124377435986637
1000000 100 70 1
217.55743408203125
149.59222412109375
0.3124012298072556
1000000 100 70 1
217.61260986328125
149.6150665283203
0.3124706025890757
1000000 100 70 1
217.55923461914062
149.57431030273438
0.3124892603865826
1000000 100 70 1
217.72866821289062
149.5699462890625
0.31304431558449586
1000000 100 70 1
217.55072021484375
149.58169555664062
0.31242840561998525
1000000 100 80 1
238.95074462890625
170.74444580078125
0.285440829799674
1000000 100 80 1
238.91004943847656
170.73887634277344
0.2853424259713209
1000000 100 80 1
239.0240020751953
170.72962951660156
0.28572181858585405
1000000 100 80 1
238.90982055664062
170.72451782226562
0.2854018414793864
1000000 100 80 1
238.97943115234375
170.74021911621094
0.28554429018048805
1000000 100 80 1
238.94387817382812
170.72274780273438
0.28551110366369753
1000000 100 80 1
239.05235290527344
170.72998046875
0.28580506155317686
1000000 100 80 1
238.86749267578125
170.75645446777344
0.28514151274847616
1000000 100 80 1
239.03392028808594
170.72674560546875
0.2857635209274597
1000000 100 80 1
238.97357177734375
170.73245239257812
0.2855592728402084
1000000 100 90 1
260.0265197753906
191.89500427246094
0.262017564830623
1000000 100 90 1
259.9007873535156
191.89881896972656
0.2616458729357105
1000000 100 90 1
260.03912353515625
191.89404296875
0.26205703064982566
1000000 100 90 1
259.97967529296875
191.89158630371094
0.2618977384002421
1000000 100 90 1
260.068359375
191.883544921875
0.26218035372310466
1000000 100 90 1
259.9681701660156
192.1046142578125
0.2610456344131109
1000000 100 90 1
259.9449768066406
191.90716552734375
0.26173928080905606
1000000 100 90 1
259.9150085449219
191.88882446289062
0.2617247247970064
1000000 100 90 1
259.90667724609375
191.88995361328125
0.2616967149651587
1000000 100 90 1
260.05462646484375
191.8943328857422
0.2620999076450425
1000000 100 100 1
281.20440673828125
213.0760040283203
0.24227359556768427
1000000 100 100 1
281.3062744140625
213.10557556152344
0.24244286407971322
1000000 100 100 1
281.28387451171875
213.0529022216797
0.24256979682351626
1000000 100 100 1
281.17803955078125
213.0438995361328
0.24231671905637314
1000000 100 100 1
281.3278503417969
213.04783630371094
0.24270620187489336
1000000 100 100 1
281.3110656738281
213.03567504882812
0.24270424791665784
1000000 100 100 1
281.38153076171875
213.02435302734375
0.24293413128192
1000000 100 100 1
281.32867431640625
213.03404235839844
0.24275745131190515
1000000 100 100 1
281.1943054199219
213.0424346923828
0.24236575710793423
1000000 100 100 1
281.2777404785156
213.02972412109375
0.24263568187556153
